1. We can think of this gane as  adversearial game where the best try of A is met with the best option of B.
2. This can be thought of minmax problem.
3. A theoretically sound solution will be to pick the lowest variation column of remaining by A; B will provide the worst case pick against A's
best wishes.
4. From practice, appears that


dump for n=8
List(1, 2, 3, 4, 5, 6, 7, 8)
List(1, 2, 3, 4, 5, 6, 8, 7)
List(1, 2, 3, 4, 5, 7, 6, 8)
List(1, 2, 3, 4, 5, 7, 8, 6)
List(1, 2, 3, 4, 5, 8, 6, 7)
List(1, 2, 3, 4, 6, 5, 7, 8)
List(1, 2, 3, 4, 6, 5, 8, 7)
List(1, 2, 3, 4, 6, 7, 5, 8)
List(1, 2, 3, 4, 6, 7, 8, 5)
List(1, 2, 3, 4, 6, 8, 5, 7)
List(1, 2, 3, 4, 7, 5, 6, 8)
List(1, 2, 3, 4, 7, 5, 8, 6)
List(1, 2, 3, 4, 7, 8, 5, 6)
List(1, 2, 3, 4, 8, 5, 6, 7)
List(1, 2, 3, 5, 4, 6, 7, 8)
List(1, 2, 3, 5, 4, 6, 8, 7)
List(1, 2, 3, 5, 4, 7, 6, 8)
List(1, 2, 3, 5, 4, 7, 8, 6)
List(1, 2, 3, 5, 4, 8, 6, 7)
List(1, 2, 3, 5, 6, 4, 7, 8)
List(1, 2, 3, 5, 6, 4, 8, 7)
List(1, 2, 3, 5, 6, 7, 4, 8)
List(1, 2, 3, 5, 6, 7, 8, 4)
List(1, 2, 3, 5, 6, 8, 4, 7)
List(1, 2, 3, 5, 7, 4, 6, 8)
List(1, 2, 3, 5, 7, 4, 8, 6)
List(1, 2, 3, 5, 7, 8, 4, 6)
List(1, 2, 3, 5, 8, 4, 6, 7)
List(1, 2, 3, 6, 4, 5, 7, 8)
List(1, 2, 3, 6, 4, 5, 8, 7)
List(1, 2, 3, 6, 4, 7, 5, 8)
List(1, 2, 3, 6, 4, 7, 8, 5)
List(1, 2, 3, 6, 4, 8, 5, 7)
List(1, 2, 3, 6, 7, 4, 5, 8)
List(1, 2, 3, 6, 7, 4, 8, 5)
List(1, 2, 3, 6, 7, 8, 4, 5)
List(1, 2, 3, 6, 8, 4, 5, 7)
List(1, 2, 3, 7, 4, 5, 6, 8)
List(1, 2, 3, 7, 4, 5, 8, 6)
List(1, 2, 3, 7, 4, 8, 5, 6)
List(1, 2, 3, 7, 8, 4, 5, 6)
List(1, 2, 3, 8, 4, 5, 6, 7)
List(1, 2, 4, 3, 5, 6, 7, 8)
List(1, 2, 4, 3, 5, 6, 8, 7)
List(1, 2, 4, 3, 5, 7, 6, 8)
List(1, 2, 4, 3, 5, 7, 8, 6)
List(1, 2, 4, 3, 5, 8, 6, 7)
List(1, 2, 4, 3, 6, 5, 7, 8)
List(1, 2, 4, 3, 6, 5, 8, 7)
List(1, 2, 4, 3, 6, 7, 5, 8)
List(1, 2, 4, 3, 6, 7, 8, 5)
List(1, 2, 4, 3, 6, 8, 5, 7)
List(1, 2, 4, 3, 7, 5, 6, 8)
List(1, 2, 4, 3, 7, 5, 8, 6)
List(1, 2, 4, 3, 7, 8, 5, 6)
List(1, 2, 4, 3, 8, 5, 6, 7)
List(1, 2, 4, 5, 3, 6, 7, 8)
List(1, 2, 4, 5, 3, 6, 8, 7)
List(1, 2, 4, 5, 3, 7, 6, 8)
List(1, 2, 4, 5, 3, 7, 8, 6)
List(1, 2, 4, 5, 3, 8, 6, 7)
List(1, 2, 4, 5, 6, 3, 7, 8)
List(1, 2, 4, 5, 6, 3, 8, 7)
List(1, 2, 4, 5, 6, 7, 3, 8)
List(1, 2, 4, 5, 6, 7, 8, 3)
List(1, 2, 4, 5, 6, 8, 3, 7)
List(1, 2, 4, 5, 7, 3, 6, 8)
List(1, 2, 4, 5, 7, 3, 8, 6)
List(1, 2, 4, 5, 7, 8, 3, 6)
List(1, 2, 4, 5, 8, 3, 6, 7)
List(1, 2, 4, 6, 3, 5, 7, 8)
List(1, 2, 4, 6, 3, 5, 8, 7)
List(1, 2, 4, 6, 3, 7, 5, 8)
List(1, 2, 4, 6, 3, 7, 8, 5)
List(1, 2, 4, 6, 3, 8, 5, 7)
List(1, 2, 4, 6, 7, 3, 5, 8)
List(1, 2, 4, 6, 7, 3, 8, 5)
List(1, 2, 4, 6, 7, 8, 3, 5)
List(1, 2, 4, 6, 8, 3, 5, 7)
List(1, 2, 4, 7, 3, 5, 6, 8)
List(1, 2, 4, 7, 3, 5, 8, 6)
List(1, 2, 4, 7, 3, 8, 5, 6)
List(1, 2, 4, 7, 8, 3, 5, 6)
List(1, 2, 4, 8, 3, 5, 6, 7)
List(1, 2, 5, 3, 4, 6, 7, 8)
List(1, 2, 5, 3, 4, 6, 8, 7)
List(1, 2, 5, 3, 4, 7, 6, 8)
List(1, 2, 5, 3, 4, 7, 8, 6)
List(1, 2, 5, 3, 4, 8, 6, 7)
List(1, 2, 5, 3, 6, 4, 7, 8)
List(1, 2, 5, 3, 6, 4, 8, 7)
List(1, 2, 5, 3, 6, 7, 4, 8)
List(1, 2, 5, 3, 6, 7, 8, 4)
List(1, 2, 5, 3, 6, 8, 4, 7)
List(1, 2, 5, 3, 7, 4, 6, 8)
List(1, 2, 5, 3, 7, 4, 8, 6)
List(1, 2, 5, 3, 7, 8, 4, 6)
List(1, 2, 5, 3, 8, 4, 6, 7)
List(1, 2, 5, 6, 3, 4, 7, 8)
List(1, 2, 5, 6, 3, 4, 8, 7)
List(1, 2, 5, 6, 3, 7, 4, 8)
List(1, 2, 5, 6, 3, 7, 8, 4)
List(1, 2, 5, 6, 3, 8, 4, 7)
List(1, 2, 5, 6, 7, 3, 4, 8)
List(1, 2, 5, 6, 7, 3, 8, 4)
List(1, 2, 5, 6, 7, 8, 3, 4)
List(1, 2, 5, 6, 8, 3, 4, 7)
List(1, 2, 5, 7, 3, 4, 6, 8)
List(1, 2, 5, 7, 3, 4, 8, 6)
List(1, 2, 5, 7, 3, 8, 4, 6)
List(1, 2, 5, 7, 8, 3, 4, 6)
List(1, 2, 5, 8, 3, 4, 6, 7)
List(1, 2, 6, 3, 4, 5, 7, 8)
List(1, 2, 6, 3, 4, 5, 8, 7)
List(1, 2, 6, 3, 4, 7, 5, 8)
List(1, 2, 6, 3, 4, 7, 8, 5)
List(1, 2, 6, 3, 4, 8, 5, 7)
List(1, 2, 6, 3, 7, 4, 5, 8)
List(1, 2, 6, 3, 7, 4, 8, 5)
List(1, 2, 6, 3, 7, 8, 4, 5)
List(1, 2, 6, 3, 8, 4, 5, 7)
List(1, 2, 6, 7, 3, 4, 5, 8)
List(1, 2, 6, 7, 3, 4, 8, 5)
List(1, 2, 6, 7, 3, 8, 4, 5)
List(1, 2, 6, 7, 8, 3, 4, 5)
List(1, 2, 6, 8, 3, 4, 5, 7)
List(1, 2, 7, 3, 4, 5, 6, 8)
List(1, 2, 7, 3, 4, 5, 8, 6)
List(1, 2, 7, 3, 4, 8, 5, 6)
List(1, 2, 7, 3, 8, 4, 5, 6)
List(1, 2, 7, 8, 3, 4, 5, 6)
List(1, 2, 8, 3, 4, 5, 6, 7)
List(1, 3, 2, 4, 5, 6, 7, 8)
List(1, 3, 2, 4, 5, 6, 8, 7)
List(1, 3, 2, 4, 5, 7, 6, 8)
List(1, 3, 2, 4, 5, 7, 8, 6)
List(1, 3, 2, 4, 5, 8, 6, 7)
List(1, 3, 2, 4, 6, 5, 7, 8)
List(1, 3, 2, 4, 6, 5, 8, 7)
List(1, 3, 2, 4, 6, 7, 5, 8)
List(1, 3, 2, 4, 6, 7, 8, 5)
List(1, 3, 2, 4, 6, 8, 5, 7)
List(1, 3, 2, 4, 7, 5, 6, 8)
List(1, 3, 2, 4, 7, 5, 8, 6)
List(1, 3, 2, 4, 7, 8, 5, 6)
List(1, 3, 2, 4, 8, 5, 6, 7)
List(1, 3, 2, 5, 4, 6, 7, 8)
List(1, 3, 2, 5, 4, 6, 8, 7)
List(1, 3, 2, 5, 4, 7, 6, 8)
List(1, 3, 2, 5, 4, 7, 8, 6)
List(1, 3, 2, 5, 4, 8, 6, 7)
List(1, 3, 2, 5, 6, 4, 7, 8)
List(1, 3, 2, 5, 6, 4, 8, 7)
List(1, 3, 2, 5, 6, 7, 4, 8)
List(1, 3, 2, 5, 6, 7, 8, 4)
List(1, 3, 2, 5, 6, 8, 4, 7)
List(1, 3, 2, 5, 7, 4, 6, 8)
List(1, 3, 2, 5, 7, 4, 8, 6)
List(1, 3, 2, 5, 7, 8, 4, 6)
List(1, 3, 2, 5, 8, 4, 6, 7)
List(1, 3, 2, 6, 4, 5, 7, 8)
List(1, 3, 2, 6, 4, 5, 8, 7)
List(1, 3, 2, 6, 4, 7, 5, 8)
List(1, 3, 2, 6, 4, 7, 8, 5)
List(1, 3, 2, 6, 4, 8, 5, 7)
List(1, 3, 2, 6, 7, 4, 5, 8)
List(1, 3, 2, 6, 7, 4, 8, 5)
List(1, 3, 2, 6, 7, 8, 4, 5)
List(1, 3, 2, 6, 8, 4, 5, 7)
List(1, 3, 2, 7, 4, 5, 6, 8)
List(1, 3, 2, 7, 4, 5, 8, 6)
List(1, 3, 2, 7, 4, 8, 5, 6)
List(1, 3, 2, 7, 8, 4, 5, 6)
List(1, 3, 2, 8, 4, 5, 6, 7)
List(1, 3, 4, 2, 5, 6, 7, 8)
List(1, 3, 4, 2, 5, 6, 8, 7)
List(1, 3, 4, 2, 5, 7, 6, 8)
List(1, 3, 4, 2, 5, 7, 8, 6)
List(1, 3, 4, 2, 5, 8, 6, 7)
List(1, 3, 4, 2, 6, 5, 7, 8)
List(1, 3, 4, 2, 6, 5, 8, 7)
List(1, 3, 4, 2, 6, 7, 5, 8)
List(1, 3, 4, 2, 6, 7, 8, 5)
List(1, 3, 4, 2, 6, 8, 5, 7)
List(1, 3, 4, 2, 7, 5, 6, 8)
List(1, 3, 4, 2, 7, 5, 8, 6)
List(1, 3, 4, 2, 7, 8, 5, 6)
List(1, 3, 4, 2, 8, 5, 6, 7)
List(1, 3, 4, 5, 2, 6, 7, 8)
List(1, 3, 4, 5, 2, 6, 8, 7)
List(1, 3, 4, 5, 2, 7, 6, 8)
List(1, 3, 4, 5, 2, 7, 8, 6)
List(1, 3, 4, 5, 2, 8, 6, 7)
List(1, 3, 4, 5, 6, 2, 7, 8)
List(1, 3, 4, 5, 6, 2, 8, 7)
List(1, 3, 4, 5, 6, 7, 2, 8)
List(1, 3, 4, 5, 6, 7, 8, 2)
List(1, 3, 4, 5, 6, 8, 2, 7)
List(1, 3, 4, 5, 7, 2, 6, 8)
List(1, 3, 4, 5, 7, 2, 8, 6)
List(1, 3, 4, 5, 7, 8, 2, 6)
List(1, 3, 4, 5, 8, 2, 6, 7)
List(1, 3, 4, 6, 2, 5, 7, 8)
List(1, 3, 4, 6, 2, 5, 8, 7)
List(1, 3, 4, 6, 2, 7, 5, 8)
List(1, 3, 4, 6, 2, 7, 8, 5)
List(1, 3, 4, 6, 2, 8, 5, 7)
List(1, 3, 4, 6, 7, 2, 5, 8)
List(1, 3, 4, 6, 7, 2, 8, 5)
List(1, 3, 4, 6, 7, 8, 2, 5)
List(1, 3, 4, 6, 8, 2, 5, 7)
List(1, 3, 4, 7, 2, 5, 6, 8)
List(1, 3, 4, 7, 2, 5, 8, 6)
List(1, 3, 4, 7, 2, 8, 5, 6)
List(1, 3, 4, 7, 8, 2, 5, 6)
List(1, 3, 4, 8, 2, 5, 6, 7)
List(1, 3, 5, 2, 4, 6, 7, 8)
List(1, 3, 5, 2, 4, 6, 8, 7)
List(1, 3, 5, 2, 4, 7, 6, 8)
List(1, 3, 5, 2, 4, 7, 8, 6)
List(1, 3, 5, 2, 4, 8, 6, 7)
List(1, 3, 5, 2, 6, 4, 7, 8)
List(1, 3, 5, 2, 6, 4, 8, 7)
List(1, 3, 5, 2, 6, 7, 4, 8)
List(1, 3, 5, 2, 6, 7, 8, 4)
List(1, 3, 5, 2, 6, 8, 4, 7)
List(1, 3, 5, 2, 7, 4, 6, 8)
List(1, 3, 5, 2, 7, 4, 8, 6)
List(1, 3, 5, 2, 7, 8, 4, 6)
List(1, 3, 5, 2, 8, 4, 6, 7)
List(1, 3, 5, 6, 2, 4, 7, 8)
List(1, 3, 5, 6, 2, 4, 8, 7)
List(1, 3, 5, 6, 2, 7, 4, 8)
List(1, 3, 5, 6, 2, 7, 8, 4)
List(1, 3, 5, 6, 2, 8, 4, 7)
List(1, 3, 5, 6, 7, 2, 4, 8)
List(1, 3, 5, 6, 7, 2, 8, 4)
List(1, 3, 5, 6, 7, 8, 2, 4)
List(1, 3, 5, 6, 8, 2, 4, 7)
List(1, 3, 5, 7, 2, 4, 6, 8)
List(1, 3, 5, 7, 2, 4, 8, 6)
List(1, 3, 5, 7, 2, 8, 4, 6)
List(1, 3, 5, 7, 8, 2, 4, 6)
List(1, 3, 5, 8, 2, 4, 6, 7)
List(1, 3, 6, 2, 4, 5, 7, 8)
List(1, 3, 6, 2, 4, 5, 8, 7)
List(1, 3, 6, 2, 4, 7, 5, 8)
List(1, 3, 6, 2, 4, 7, 8, 5)
List(1, 3, 6, 2, 4, 8, 5, 7)
List(1, 3, 6, 2, 7, 4, 5, 8)
List(1, 3, 6, 2, 7, 4, 8, 5)
List(1, 3, 6, 2, 7, 8, 4, 5)
List(1, 3, 6, 2, 8, 4, 5, 7)
List(1, 3, 6, 7, 2, 4, 5, 8)
List(1, 3, 6, 7, 2, 4, 8, 5)
List(1, 3, 6, 7, 2, 8, 4, 5)
List(1, 3, 6, 7, 8, 2, 4, 5)
List(1, 3, 6, 8, 2, 4, 5, 7)
List(1, 3, 7, 2, 4, 5, 6, 8)
List(1, 3, 7, 2, 4, 5, 8, 6)
List(1, 3, 7, 2, 4, 8, 5, 6)
List(1, 3, 7, 2, 8, 4, 5, 6)
List(1, 3, 7, 8, 2, 4, 5, 6)
List(1, 3, 8, 2, 4, 5, 6, 7)
List(1, 4, 2, 3, 5, 6, 7, 8)
List(1, 4, 2, 3, 5, 6, 8, 7)
List(1, 4, 2, 3, 5, 7, 6, 8)
List(1, 4, 2, 3, 5, 7, 8, 6)
List(1, 4, 2, 3, 5, 8, 6, 7)
List(1, 4, 2, 3, 6, 5, 7, 8)
List(1, 4, 2, 3, 6, 5, 8, 7)
List(1, 4, 2, 3, 6, 7, 5, 8)
List(1, 4, 2, 3, 6, 7, 8, 5)
List(1, 4, 2, 3, 6, 8, 5, 7)
List(1, 4, 2, 3, 7, 5, 6, 8)
List(1, 4, 2, 3, 7, 5, 8, 6)
List(1, 4, 2, 3, 7, 8, 5, 6)
List(1, 4, 2, 3, 8, 5, 6, 7)
List(1, 4, 2, 5, 3, 6, 7, 8)
List(1, 4, 2, 5, 3, 6, 8, 7)
List(1, 4, 2, 5, 3, 7, 6, 8)
List(1, 4, 2, 5, 3, 7, 8, 6)
List(1, 4, 2, 5, 3, 8, 6, 7)
List(1, 4, 2, 5, 6, 3, 7, 8)
List(1, 4, 2, 5, 6, 3, 8, 7)
List(1, 4, 2, 5, 6, 7, 3, 8)
List(1, 4, 2, 5, 6, 7, 8, 3)
List(1, 4, 2, 5, 6, 8, 3, 7)
List(1, 4, 2, 5, 7, 3, 6, 8)
List(1, 4, 2, 5, 7, 3, 8, 6)
List(1, 4, 2, 5, 7, 8, 3, 6)
List(1, 4, 2, 5, 8, 3, 6, 7)
List(1, 4, 2, 6, 3, 5, 7, 8)
List(1, 4, 2, 6, 3, 5, 8, 7)
List(1, 4, 2, 6, 3, 7, 5, 8)
List(1, 4, 2, 6, 3, 7, 8, 5)
List(1, 4, 2, 6, 3, 8, 5, 7)
List(1, 4, 2, 6, 7, 3, 5, 8)
List(1, 4, 2, 6, 7, 3, 8, 5)
List(1, 4, 2, 6, 7, 8, 3, 5)
List(1, 4, 2, 6, 8, 3, 5, 7)
List(1, 4, 2, 7, 3, 5, 6, 8)
List(1, 4, 2, 7, 3, 5, 8, 6)
List(1, 4, 2, 7, 3, 8, 5, 6)
List(1, 4, 2, 7, 8, 3, 5, 6)
List(1, 4, 2, 8, 3, 5, 6, 7)
List(1, 4, 5, 2, 3, 6, 7, 8)
List(1, 4, 5, 2, 3, 6, 8, 7)
List(1, 4, 5, 2, 3, 7, 6, 8)
List(1, 4, 5, 2, 3, 7, 8, 6)
List(1, 4, 5, 2, 3, 8, 6, 7)
List(1, 4, 5, 2, 6, 3, 7, 8)
List(1, 4, 5, 2, 6, 3, 8, 7)
List(1, 4, 5, 2, 6, 7, 3, 8)
List(1, 4, 5, 2, 6, 7, 8, 3)
List(1, 4, 5, 2, 6, 8, 3, 7)
List(1, 4, 5, 2, 7, 3, 6, 8)
List(1, 4, 5, 2, 7, 3, 8, 6)
List(1, 4, 5, 2, 7, 8, 3, 6)
List(1, 4, 5, 2, 8, 3, 6, 7)
List(1, 4, 5, 6, 2, 3, 7, 8)
List(1, 4, 5, 6, 2, 3, 8, 7)
List(1, 4, 5, 6, 2, 7, 3, 8)
List(1, 4, 5, 6, 2, 7, 8, 3)
List(1, 4, 5, 6, 2, 8, 3, 7)
List(1, 4, 5, 6, 7, 2, 3, 8)
List(1, 4, 5, 6, 7, 2, 8, 3)
List(1, 4, 5, 6, 7, 8, 2, 3)
List(1, 4, 5, 6, 8, 2, 3, 7)
List(1, 4, 5, 7, 2, 3, 6, 8)
List(1, 4, 5, 7, 2, 3, 8, 6)
List(1, 4, 5, 7, 2, 8, 3, 6)
List(1, 4, 5, 7, 8, 2, 3, 6)
List(1, 4, 5, 8, 2, 3, 6, 7)
List(1, 4, 6, 2, 3, 5, 7, 8)
List(1, 4, 6, 2, 3, 5, 8, 7)
List(1, 4, 6, 2, 3, 7, 5, 8)
List(1, 4, 6, 2, 3, 7, 8, 5)
List(1, 4, 6, 2, 3, 8, 5, 7)
List(1, 4, 6, 2, 7, 3, 5, 8)
List(1, 4, 6, 2, 7, 3, 8, 5)
List(1, 4, 6, 2, 7, 8, 3, 5)
List(1, 4, 6, 2, 8, 3, 5, 7)
List(1, 4, 6, 7, 2, 3, 5, 8)
List(1, 4, 6, 7, 2, 3, 8, 5)
List(1, 4, 6, 7, 2, 8, 3, 5)
List(1, 4, 6, 7, 8, 2, 3, 5)
List(1, 4, 6, 8, 2, 3, 5, 7)
List(1, 4, 7, 2, 3, 5, 6, 8)
List(1, 4, 7, 2, 3, 5, 8, 6)
List(1, 4, 7, 2, 3, 8, 5, 6)
List(1, 4, 7, 2, 8, 3, 5, 6)
List(1, 4, 7, 8, 2, 3, 5, 6)
List(1, 4, 8, 2, 3, 5, 6, 7)
List(1, 5, 2, 3, 4, 6, 7, 8)
List(1, 5, 2, 3, 4, 6, 8, 7)
List(1, 5, 2, 3, 4, 7, 6, 8)
List(1, 5, 2, 3, 4, 7, 8, 6)
List(1, 5, 2, 3, 4, 8, 6, 7)
List(1, 5, 2, 3, 6, 4, 7, 8)
List(1, 5, 2, 3, 6, 4, 8, 7)
List(1, 5, 2, 3, 6, 7, 4, 8)
List(1, 5, 2, 3, 6, 7, 8, 4)
List(1, 5, 2, 3, 6, 8, 4, 7)
List(1, 5, 2, 3, 7, 4, 6, 8)
List(1, 5, 2, 3, 7, 4, 8, 6)
List(1, 5, 2, 3, 7, 8, 4, 6)
List(1, 5, 2, 3, 8, 4, 6, 7)
List(1, 5, 2, 6, 3, 4, 7, 8)
List(1, 5, 2, 6, 3, 4, 8, 7)
List(1, 5, 2, 6, 3, 7, 4, 8)
List(1, 5, 2, 6, 3, 7, 8, 4)
List(1, 5, 2, 6, 3, 8, 4, 7)
List(1, 5, 2, 6, 7, 3, 4, 8)
List(1, 5, 2, 6, 7, 3, 8, 4)
List(1, 5, 2, 6, 7, 8, 3, 4)
List(1, 5, 2, 6, 8, 3, 4, 7)
List(1, 5, 2, 7, 3, 4, 6, 8)
List(1, 5, 2, 7, 3, 4, 8, 6)
List(1, 5, 2, 7, 3, 8, 4, 6)
List(1, 5, 2, 7, 8, 3, 4, 6)
List(1, 5, 2, 8, 3, 4, 6, 7)
List(1, 5, 6, 2, 3, 4, 7, 8)
List(1, 5, 6, 2, 3, 4, 8, 7)
List(1, 5, 6, 2, 3, 7, 4, 8)
List(1, 5, 6, 2, 3, 7, 8, 4)
List(1, 5, 6, 2, 3, 8, 4, 7)
List(1, 5, 6, 2, 7, 3, 4, 8)
List(1, 5, 6, 2, 7, 3, 8, 4)
List(1, 5, 6, 2, 7, 8, 3, 4)
List(1, 5, 6, 2, 8, 3, 4, 7)
List(1, 5, 6, 7, 2, 3, 4, 8)
List(1, 5, 6, 7, 2, 3, 8, 4)
List(1, 5, 6, 7, 2, 8, 3, 4)
List(1, 5, 6, 7, 8, 2, 3, 4)
List(1, 5, 6, 8, 2, 3, 4, 7)
List(1, 5, 7, 2, 3, 4, 6, 8)
List(1, 5, 7, 2, 3, 4, 8, 6)
List(1, 5, 7, 2, 3, 8, 4, 6)
List(1, 5, 7, 2, 8, 3, 4, 6)
List(1, 5, 7, 8, 2, 3, 4, 6)
List(1, 5, 8, 2, 3, 4, 6, 7)
List(1, 6, 2, 3, 4, 5, 7, 8)
List(1, 6, 2, 3, 4, 5, 8, 7)
List(1, 6, 2, 3, 4, 7, 5, 8)
List(1, 6, 2, 3, 4, 7, 8, 5)
List(1, 6, 2, 3, 4, 8, 5, 7)
List(1, 6, 2, 3, 7, 4, 5, 8)
List(1, 6, 2, 3, 7, 4, 8, 5)
List(1, 6, 2, 3, 7, 8, 4, 5)
List(1, 6, 2, 3, 8, 4, 5, 7)
List(1, 6, 2, 7, 3, 4, 5, 8)
List(1, 6, 2, 7, 3, 4, 8, 5)
List(1, 6, 2, 7, 3, 8, 4, 5)
List(1, 6, 2, 7, 8, 3, 4, 5)
List(1, 6, 2, 8, 3, 4, 5, 7)
List(1, 6, 7, 2, 3, 4, 5, 8)
List(1, 6, 7, 2, 3, 4, 8, 5)
List(1, 6, 7, 2, 3, 8, 4, 5)
List(1, 6, 7, 2, 8, 3, 4, 5)
List(1, 6, 7, 8, 2, 3, 4, 5)
List(1, 6, 8, 2, 3, 4, 5, 7)
List(1, 7, 2, 3, 4, 5, 6, 8)
List(1, 7, 2, 3, 4, 5, 8, 6)
List(1, 7, 2, 3, 4, 8, 5, 6)
List(1, 7, 2, 3, 8, 4, 5, 6)
List(1, 7, 2, 8, 3, 4, 5, 6)
List(1, 7, 8, 2, 3, 4, 5, 6)
List(1, 8, 2, 3, 4, 5, 6, 7)
List(2, 1, 3, 4, 5, 6, 7, 8)
List(2, 1, 3, 4, 5, 6, 8, 7)
List(2, 1, 3, 4, 5, 7, 6, 8)
List(2, 1, 3, 4, 5, 7, 8, 6)
List(2, 1, 3, 4, 5, 8, 6, 7)
List(2, 1, 3, 4, 6, 5, 7, 8)
List(2, 1, 3, 4, 6, 5, 8, 7)
List(2, 1, 3, 4, 6, 7, 5, 8)
List(2, 1, 3, 4, 6, 7, 8, 5)
List(2, 1, 3, 4, 6, 8, 5, 7)
List(2, 1, 3, 4, 7, 5, 6, 8)
List(2, 1, 3, 4, 7, 5, 8, 6)
List(2, 1, 3, 4, 7, 8, 5, 6)
List(2, 1, 3, 4, 8, 5, 6, 7)
List(2, 1, 3, 5, 4, 6, 7, 8)
List(2, 1, 3, 5, 4, 6, 8, 7)
List(2, 1, 3, 5, 4, 7, 6, 8)
List(2, 1, 3, 5, 4, 7, 8, 6)
List(2, 1, 3, 5, 4, 8, 6, 7)
List(2, 1, 3, 5, 6, 4, 7, 8)
List(2, 1, 3, 5, 6, 4, 8, 7)
List(2, 1, 3, 5, 6, 7, 4, 8)
List(2, 1, 3, 5, 6, 7, 8, 4)
List(2, 1, 3, 5, 6, 8, 4, 7)
List(2, 1, 3, 5, 7, 4, 6, 8)
List(2, 1, 3, 5, 7, 4, 8, 6)
List(2, 1, 3, 5, 7, 8, 4, 6)
List(2, 1, 3, 5, 8, 4, 6, 7)
List(2, 1, 3, 6, 4, 5, 7, 8)
List(2, 1, 3, 6, 4, 5, 8, 7)
List(2, 1, 3, 6, 4, 7, 5, 8)
List(2, 1, 3, 6, 4, 7, 8, 5)
List(2, 1, 3, 6, 4, 8, 5, 7)
List(2, 1, 3, 6, 7, 4, 5, 8)
List(2, 1, 3, 6, 7, 4, 8, 5)
List(2, 1, 3, 6, 7, 8, 4, 5)
List(2, 1, 3, 6, 8, 4, 5, 7)
List(2, 1, 3, 7, 4, 5, 6, 8)
List(2, 1, 3, 7, 4, 5, 8, 6)
List(2, 1, 3, 7, 4, 8, 5, 6)
List(2, 1, 3, 7, 8, 4, 5, 6)
List(2, 1, 3, 8, 4, 5, 6, 7)
List(2, 1, 4, 3, 5, 6, 7, 8)
List(2, 1, 4, 3, 5, 6, 8, 7)
List(2, 1, 4, 3, 5, 7, 6, 8)
List(2, 1, 4, 3, 5, 7, 8, 6)
List(2, 1, 4, 3, 5, 8, 6, 7)
List(2, 1, 4, 3, 6, 5, 7, 8)
List(2, 1, 4, 3, 6, 5, 8, 7)
List(2, 1, 4, 3, 6, 7, 5, 8)
List(2, 1, 4, 3, 6, 7, 8, 5)
List(2, 1, 4, 3, 6, 8, 5, 7)
List(2, 1, 4, 3, 7, 5, 6, 8)
List(2, 1, 4, 3, 7, 5, 8, 6)
List(2, 1, 4, 3, 7, 8, 5, 6)
List(2, 1, 4, 3, 8, 5, 6, 7)
List(2, 1, 4, 5, 3, 6, 7, 8)
List(2, 1, 4, 5, 3, 6, 8, 7)
List(2, 1, 4, 5, 3, 7, 6, 8)
List(2, 1, 4, 5, 3, 7, 8, 6)
List(2, 1, 4, 5, 3, 8, 6, 7)
List(2, 1, 4, 5, 6, 3, 7, 8)
List(2, 1, 4, 5, 6, 3, 8, 7)
List(2, 1, 4, 5, 6, 7, 3, 8)
List(2, 1, 4, 5, 6, 7, 8, 3)
List(2, 1, 4, 5, 6, 8, 3, 7)
List(2, 1, 4, 5, 7, 3, 6, 8)
List(2, 1, 4, 5, 7, 3, 8, 6)
List(2, 1, 4, 5, 7, 8, 3, 6)
List(2, 1, 4, 5, 8, 3, 6, 7)
List(2, 1, 4, 6, 3, 5, 7, 8)
List(2, 1, 4, 6, 3, 5, 8, 7)
List(2, 1, 4, 6, 3, 7, 5, 8)
List(2, 1, 4, 6, 3, 7, 8, 5)
List(2, 1, 4, 6, 3, 8, 5, 7)
List(2, 1, 4, 6, 7, 3, 5, 8)
List(2, 1, 4, 6, 7, 3, 8, 5)
List(2, 1, 4, 6, 7, 8, 3, 5)
List(2, 1, 4, 6, 8, 3, 5, 7)
List(2, 1, 4, 7, 3, 5, 6, 8)
List(2, 1, 4, 7, 3, 5, 8, 6)
List(2, 1, 4, 7, 3, 8, 5, 6)
List(2, 1, 4, 7, 8, 3, 5, 6)
List(2, 1, 4, 8, 3, 5, 6, 7)
List(2, 1, 5, 3, 4, 6, 7, 8)
List(2, 1, 5, 3, 4, 6, 8, 7)
List(2, 1, 5, 3, 4, 7, 6, 8)
List(2, 1, 5, 3, 4, 7, 8, 6)
List(2, 1, 5, 3, 4, 8, 6, 7)
List(2, 1, 5, 3, 6, 4, 7, 8)
List(2, 1, 5, 3, 6, 4, 8, 7)
List(2, 1, 5, 3, 6, 7, 4, 8)
List(2, 1, 5, 3, 6, 7, 8, 4)
List(2, 1, 5, 3, 6, 8, 4, 7)
List(2, 1, 5, 3, 7, 4, 6, 8)
List(2, 1, 5, 3, 7, 4, 8, 6)
List(2, 1, 5, 3, 7, 8, 4, 6)
List(2, 1, 5, 3, 8, 4, 6, 7)
List(2, 1, 5, 6, 3, 4, 7, 8)
List(2, 1, 5, 6, 3, 4, 8, 7)
List(2, 1, 5, 6, 3, 7, 4, 8)
List(2, 1, 5, 6, 3, 7, 8, 4)
List(2, 1, 5, 6, 3, 8, 4, 7)
List(2, 1, 5, 6, 7, 3, 4, 8)
List(2, 1, 5, 6, 7, 3, 8, 4)
List(2, 1, 5, 6, 7, 8, 3, 4)
List(2, 1, 5, 6, 8, 3, 4, 7)
List(2, 1, 5, 7, 3, 4, 6, 8)
List(2, 1, 5, 7, 3, 4, 8, 6)
List(2, 1, 5, 7, 3, 8, 4, 6)
List(2, 1, 5, 7, 8, 3, 4, 6)
List(2, 1, 5, 8, 3, 4, 6, 7)
List(2, 1, 6, 3, 4, 5, 7, 8)
List(2, 1, 6, 3, 4, 5, 8, 7)
List(2, 1, 6, 3, 4, 7, 5, 8)
List(2, 1, 6, 3, 4, 7, 8, 5)
List(2, 1, 6, 3, 4, 8, 5, 7)
List(2, 1, 6, 3, 7, 4, 5, 8)
List(2, 1, 6, 3, 7, 4, 8, 5)
List(2, 1, 6, 3, 7, 8, 4, 5)
List(2, 1, 6, 3, 8, 4, 5, 7)
List(2, 1, 6, 7, 3, 4, 5, 8)
List(2, 1, 6, 7, 3, 4, 8, 5)
List(2, 1, 6, 7, 3, 8, 4, 5)
List(2, 1, 6, 7, 8, 3, 4, 5)
List(2, 1, 6, 8, 3, 4, 5, 7)
List(2, 1, 7, 3, 4, 5, 6, 8)
List(2, 1, 7, 3, 4, 5, 8, 6)
List(2, 1, 7, 3, 4, 8, 5, 6)
List(2, 1, 7, 3, 8, 4, 5, 6)
List(2, 1, 7, 8, 3, 4, 5, 6)
List(2, 1, 8, 3, 4, 5, 6, 7)
List(2, 3, 1, 4, 5, 6, 7, 8)
List(2, 3, 1, 4, 5, 6, 8, 7)
List(2, 3, 1, 4, 5, 7, 6, 8)
List(2, 3, 1, 4, 5, 7, 8, 6)
List(2, 3, 1, 4, 5, 8, 6, 7)
List(2, 3, 1, 4, 6, 5, 7, 8)
List(2, 3, 1, 4, 6, 5, 8, 7)
List(2, 3, 1, 4, 6, 7, 5, 8)
List(2, 3, 1, 4, 6, 7, 8, 5)
List(2, 3, 1, 4, 6, 8, 5, 7)
List(2, 3, 1, 4, 7, 5, 6, 8)
List(2, 3, 1, 4, 7, 5, 8, 6)
List(2, 3, 1, 4, 7, 8, 5, 6)
List(2, 3, 1, 4, 8, 5, 6, 7)
List(2, 3, 1, 5, 4, 6, 7, 8)
List(2, 3, 1, 5, 4, 6, 8, 7)
List(2, 3, 1, 5, 4, 7, 6, 8)
List(2, 3, 1, 5, 4, 7, 8, 6)
List(2, 3, 1, 5, 4, 8, 6, 7)
List(2, 3, 1, 5, 6, 4, 7, 8)
List(2, 3, 1, 5, 6, 4, 8, 7)
List(2, 3, 1, 5, 6, 7, 4, 8)
List(2, 3, 1, 5, 6, 7, 8, 4)
List(2, 3, 1, 5, 6, 8, 4, 7)
List(2, 3, 1, 5, 7, 4, 6, 8)
List(2, 3, 1, 5, 7, 4, 8, 6)
List(2, 3, 1, 5, 7, 8, 4, 6)
List(2, 3, 1, 5, 8, 4, 6, 7)
List(2, 3, 1, 6, 4, 5, 7, 8)
List(2, 3, 1, 6, 4, 5, 8, 7)
List(2, 3, 1, 6, 4, 7, 5, 8)
List(2, 3, 1, 6, 4, 7, 8, 5)
List(2, 3, 1, 6, 4, 8, 5, 7)
List(2, 3, 1, 6, 7, 4, 5, 8)
List(2, 3, 1, 6, 7, 4, 8, 5)
List(2, 3, 1, 6, 7, 8, 4, 5)
List(2, 3, 1, 6, 8, 4, 5, 7)
List(2, 3, 1, 7, 4, 5, 6, 8)
List(2, 3, 1, 7, 4, 5, 8, 6)
List(2, 3, 1, 7, 4, 8, 5, 6)
List(2, 3, 1, 7, 8, 4, 5, 6)
List(2, 3, 1, 8, 4, 5, 6, 7)
List(2, 3, 4, 1, 5, 6, 7, 8)
List(2, 3, 4, 1, 5, 6, 8, 7)
List(2, 3, 4, 1, 5, 7, 6, 8)
List(2, 3, 4, 1, 5, 7, 8, 6)
List(2, 3, 4, 1, 5, 8, 6, 7)
List(2, 3, 4, 1, 6, 5, 7, 8)
List(2, 3, 4, 1, 6, 5, 8, 7)
List(2, 3, 4, 1, 6, 7, 5, 8)
List(2, 3, 4, 1, 6, 7, 8, 5)
List(2, 3, 4, 1, 6, 8, 5, 7)
List(2, 3, 4, 1, 7, 5, 6, 8)
List(2, 3, 4, 1, 7, 5, 8, 6)
List(2, 3, 4, 1, 7, 8, 5, 6)
List(2, 3, 4, 1, 8, 5, 6, 7)
List(2, 3, 4, 5, 1, 6, 7, 8)
List(2, 3, 4, 5, 1, 6, 8, 7)
List(2, 3, 4, 5, 1, 7, 6, 8)
List(2, 3, 4, 5, 1, 7, 8, 6)
List(2, 3, 4, 5, 1, 8, 6, 7)
List(2, 3, 4, 5, 6, 1, 7, 8)
List(2, 3, 4, 5, 6, 1, 8, 7)
List(2, 3, 4, 5, 6, 7, 1, 8)
List(2, 3, 4, 5, 6, 7, 8, 1)
List(2, 3, 4, 5, 6, 8, 1, 7)
List(2, 3, 4, 5, 7, 1, 6, 8)
List(2, 3, 4, 5, 7, 1, 8, 6)
List(2, 3, 4, 5, 7, 8, 1, 6)
List(2, 3, 4, 5, 8, 1, 6, 7)
List(2, 3, 4, 6, 1, 5, 7, 8)
List(2, 3, 4, 6, 1, 5, 8, 7)
List(2, 3, 4, 6, 1, 7, 5, 8)
List(2, 3, 4, 6, 1, 7, 8, 5)
List(2, 3, 4, 6, 1, 8, 5, 7)
List(2, 3, 4, 6, 7, 1, 5, 8)
List(2, 3, 4, 6, 7, 1, 8, 5)
List(2, 3, 4, 6, 7, 8, 1, 5)
List(2, 3, 4, 6, 8, 1, 5, 7)
List(2, 3, 4, 7, 1, 5, 6, 8)
List(2, 3, 4, 7, 1, 5, 8, 6)
List(2, 3, 4, 7, 1, 8, 5, 6)
List(2, 3, 4, 7, 8, 1, 5, 6)
List(2, 3, 4, 8, 1, 5, 6, 7)
List(2, 3, 5, 1, 4, 6, 7, 8)
List(2, 3, 5, 1, 4, 6, 8, 7)
List(2, 3, 5, 1, 4, 7, 6, 8)
List(2, 3, 5, 1, 4, 7, 8, 6)
List(2, 3, 5, 1, 4, 8, 6, 7)
List(2, 3, 5, 1, 6, 4, 7, 8)
List(2, 3, 5, 1, 6, 4, 8, 7)
List(2, 3, 5, 1, 6, 7, 4, 8)
List(2, 3, 5, 1, 6, 7, 8, 4)
List(2, 3, 5, 1, 6, 8, 4, 7)
List(2, 3, 5, 1, 7, 4, 6, 8)
List(2, 3, 5, 1, 7, 4, 8, 6)
List(2, 3, 5, 1, 7, 8, 4, 6)
List(2, 3, 5, 1, 8, 4, 6, 7)
List(2, 3, 5, 6, 1, 4, 7, 8)
List(2, 3, 5, 6, 1, 4, 8, 7)
List(2, 3, 5, 6, 1, 7, 4, 8)
List(2, 3, 5, 6, 1, 7, 8, 4)
List(2, 3, 5, 6, 1, 8, 4, 7)
List(2, 3, 5, 6, 7, 1, 4, 8)
List(2, 3, 5, 6, 7, 1, 8, 4)
List(2, 3, 5, 6, 7, 8, 1, 4)
List(2, 3, 5, 6, 8, 1, 4, 7)
List(2, 3, 5, 7, 1, 4, 6, 8)
List(2, 3, 5, 7, 1, 4, 8, 6)
List(2, 3, 5, 7, 1, 8, 4, 6)
List(2, 3, 5, 7, 8, 1, 4, 6)
List(2, 3, 5, 8, 1, 4, 6, 7)
List(2, 3, 6, 1, 4, 5, 7, 8)
List(2, 3, 6, 1, 4, 5, 8, 7)
List(2, 3, 6, 1, 4, 7, 5, 8)
List(2, 3, 6, 1, 4, 7, 8, 5)
List(2, 3, 6, 1, 4, 8, 5, 7)
List(2, 3, 6, 1, 7, 4, 5, 8)
List(2, 3, 6, 1, 7, 4, 8, 5)
List(2, 3, 6, 1, 7, 8, 4, 5)
List(2, 3, 6, 1, 8, 4, 5, 7)
List(2, 3, 6, 7, 1, 4, 5, 8)
List(2, 3, 6, 7, 1, 4, 8, 5)
List(2, 3, 6, 7, 1, 8, 4, 5)
List(2, 3, 6, 7, 8, 1, 4, 5)
List(2, 3, 6, 8, 1, 4, 5, 7)
List(2, 3, 7, 1, 4, 5, 6, 8)
List(2, 3, 7, 1, 4, 5, 8, 6)
List(2, 3, 7, 1, 4, 8, 5, 6)
List(2, 3, 7, 1, 8, 4, 5, 6)
List(2, 3, 7, 8, 1, 4, 5, 6)
List(2, 3, 8, 1, 4, 5, 6, 7)
List(2, 4, 1, 3, 5, 6, 7, 8)
List(2, 4, 1, 3, 5, 6, 8, 7)
List(2, 4, 1, 3, 5, 7, 6, 8)
List(2, 4, 1, 3, 5, 7, 8, 6)
List(2, 4, 1, 3, 5, 8, 6, 7)
List(2, 4, 1, 3, 6, 5, 7, 8)
List(2, 4, 1, 3, 6, 5, 8, 7)
List(2, 4, 1, 3, 6, 7, 5, 8)
List(2, 4, 1, 3, 6, 7, 8, 5)
List(2, 4, 1, 3, 6, 8, 5, 7)
List(2, 4, 1, 3, 7, 5, 6, 8)
List(2, 4, 1, 3, 7, 5, 8, 6)
List(2, 4, 1, 3, 7, 8, 5, 6)
List(2, 4, 1, 3, 8, 5, 6, 7)
List(2, 4, 1, 5, 3, 6, 7, 8)
List(2, 4, 1, 5, 3, 6, 8, 7)
List(2, 4, 1, 5, 3, 7, 6, 8)
List(2, 4, 1, 5, 3, 7, 8, 6)
List(2, 4, 1, 5, 3, 8, 6, 7)
List(2, 4, 1, 5, 6, 3, 7, 8)
List(2, 4, 1, 5, 6, 3, 8, 7)
List(2, 4, 1, 5, 6, 7, 3, 8)
List(2, 4, 1, 5, 6, 7, 8, 3)
List(2, 4, 1, 5, 6, 8, 3, 7)
List(2, 4, 1, 5, 7, 3, 6, 8)
List(2, 4, 1, 5, 7, 3, 8, 6)
List(2, 4, 1, 5, 7, 8, 3, 6)
List(2, 4, 1, 5, 8, 3, 6, 7)
List(2, 4, 1, 6, 3, 5, 7, 8)
List(2, 4, 1, 6, 3, 5, 8, 7)
List(2, 4, 1, 6, 3, 7, 5, 8)
List(2, 4, 1, 6, 3, 7, 8, 5)
List(2, 4, 1, 6, 3, 8, 5, 7)
List(2, 4, 1, 6, 7, 3, 5, 8)
List(2, 4, 1, 6, 7, 3, 8, 5)
List(2, 4, 1, 6, 7, 8, 3, 5)
List(2, 4, 1, 6, 8, 3, 5, 7)
List(2, 4, 1, 7, 3, 5, 6, 8)
List(2, 4, 1, 7, 3, 5, 8, 6)
List(2, 4, 1, 7, 3, 8, 5, 6)
List(2, 4, 1, 7, 8, 3, 5, 6)
List(2, 4, 1, 8, 3, 5, 6, 7)
List(2, 4, 5, 1, 3, 6, 7, 8)
List(2, 4, 5, 1, 3, 6, 8, 7)
List(2, 4, 5, 1, 3, 7, 6, 8)
List(2, 4, 5, 1, 3, 7, 8, 6)
List(2, 4, 5, 1, 3, 8, 6, 7)
List(2, 4, 5, 1, 6, 3, 7, 8)
List(2, 4, 5, 1, 6, 3, 8, 7)
List(2, 4, 5, 1, 6, 7, 3, 8)
List(2, 4, 5, 1, 6, 7, 8, 3)
List(2, 4, 5, 1, 6, 8, 3, 7)
List(2, 4, 5, 1, 7, 3, 6, 8)
List(2, 4, 5, 1, 7, 3, 8, 6)
List(2, 4, 5, 1, 7, 8, 3, 6)
List(2, 4, 5, 1, 8, 3, 6, 7)
List(2, 4, 5, 6, 1, 3, 7, 8)
List(2, 4, 5, 6, 1, 3, 8, 7)
List(2, 4, 5, 6, 1, 7, 3, 8)
List(2, 4, 5, 6, 1, 7, 8, 3)
List(2, 4, 5, 6, 1, 8, 3, 7)
List(2, 4, 5, 6, 7, 1, 3, 8)
List(2, 4, 5, 6, 7, 1, 8, 3)
List(2, 4, 5, 6, 7, 8, 1, 3)
List(2, 4, 5, 6, 8, 1, 3, 7)
List(2, 4, 5, 7, 1, 3, 6, 8)
List(2, 4, 5, 7, 1, 3, 8, 6)
List(2, 4, 5, 7, 1, 8, 3, 6)
List(2, 4, 5, 7, 8, 1, 3, 6)
List(2, 4, 5, 8, 1, 3, 6, 7)
List(2, 4, 6, 1, 3, 5, 7, 8)
List(2, 4, 6, 1, 3, 5, 8, 7)
List(2, 4, 6, 1, 3, 7, 5, 8)
List(2, 4, 6, 1, 3, 7, 8, 5)
List(2, 4, 6, 1, 3, 8, 5, 7)
List(2, 4, 6, 1, 7, 3, 5, 8)
List(2, 4, 6, 1, 7, 3, 8, 5)
List(2, 4, 6, 1, 7, 8, 3, 5)
List(2, 4, 6, 1, 8, 3, 5, 7)
List(2, 4, 6, 7, 1, 3, 5, 8)
List(2, 4, 6, 7, 1, 3, 8, 5)
List(2, 4, 6, 7, 1, 8, 3, 5)
List(2, 4, 6, 7, 8, 1, 3, 5)
List(2, 4, 6, 8, 1, 3, 5, 7)
List(2, 4, 7, 1, 3, 5, 6, 8)
List(2, 4, 7, 1, 3, 5, 8, 6)
List(2, 4, 7, 1, 3, 8, 5, 6)
List(2, 4, 7, 1, 8, 3, 5, 6)
List(2, 4, 7, 8, 1, 3, 5, 6)
List(2, 4, 8, 1, 3, 5, 6, 7)
List(2, 5, 1, 3, 4, 6, 7, 8)
List(2, 5, 1, 3, 4, 6, 8, 7)
List(2, 5, 1, 3, 4, 7, 6, 8)
List(2, 5, 1, 3, 4, 7, 8, 6)
List(2, 5, 1, 3, 4, 8, 6, 7)
List(2, 5, 1, 3, 6, 4, 7, 8)
List(2, 5, 1, 3, 6, 4, 8, 7)
List(2, 5, 1, 3, 6, 7, 4, 8)
List(2, 5, 1, 3, 6, 7, 8, 4)
List(2, 5, 1, 3, 6, 8, 4, 7)
List(2, 5, 1, 3, 7, 4, 6, 8)
List(2, 5, 1, 3, 7, 4, 8, 6)
List(2, 5, 1, 3, 7, 8, 4, 6)
List(2, 5, 1, 3, 8, 4, 6, 7)
List(2, 5, 1, 6, 3, 4, 7, 8)
List(2, 5, 1, 6, 3, 4, 8, 7)
List(2, 5, 1, 6, 3, 7, 4, 8)
List(2, 5, 1, 6, 3, 7, 8, 4)
List(2, 5, 1, 6, 3, 8, 4, 7)
List(2, 5, 1, 6, 7, 3, 4, 8)
List(2, 5, 1, 6, 7, 3, 8, 4)
List(2, 5, 1, 6, 7, 8, 3, 4)
List(2, 5, 1, 6, 8, 3, 4, 7)
List(2, 5, 1, 7, 3, 4, 6, 8)
List(2, 5, 1, 7, 3, 4, 8, 6)
List(2, 5, 1, 7, 3, 8, 4, 6)
List(2, 5, 1, 7, 8, 3, 4, 6)
List(2, 5, 1, 8, 3, 4, 6, 7)
List(2, 5, 6, 1, 3, 4, 7, 8)
List(2, 5, 6, 1, 3, 4, 8, 7)
List(2, 5, 6, 1, 3, 7, 4, 8)
List(2, 5, 6, 1, 3, 7, 8, 4)
List(2, 5, 6, 1, 3, 8, 4, 7)
List(2, 5, 6, 1, 7, 3, 4, 8)
List(2, 5, 6, 1, 7, 3, 8, 4)
List(2, 5, 6, 1, 7, 8, 3, 4)
List(2, 5, 6, 1, 8, 3, 4, 7)
List(2, 5, 6, 7, 1, 3, 4, 8)
List(2, 5, 6, 7, 1, 3, 8, 4)
List(2, 5, 6, 7, 1, 8, 3, 4)
List(2, 5, 6, 7, 8, 1, 3, 4)
List(2, 5, 6, 8, 1, 3, 4, 7)
List(2, 5, 7, 1, 3, 4, 6, 8)
List(2, 5, 7, 1, 3, 4, 8, 6)
List(2, 5, 7, 1, 3, 8, 4, 6)
List(2, 5, 7, 1, 8, 3, 4, 6)
List(2, 5, 7, 8, 1, 3, 4, 6)
List(2, 5, 8, 1, 3, 4, 6, 7)
List(2, 6, 1, 3, 4, 5, 7, 8)
List(2, 6, 1, 3, 4, 5, 8, 7)
List(2, 6, 1, 3, 4, 7, 5, 8)
List(2, 6, 1, 3, 4, 7, 8, 5)
List(2, 6, 1, 3, 4, 8, 5, 7)
List(2, 6, 1, 3, 7, 4, 5, 8)
List(2, 6, 1, 3, 7, 4, 8, 5)
List(2, 6, 1, 3, 7, 8, 4, 5)
List(2, 6, 1, 3, 8, 4, 5, 7)
List(2, 6, 1, 7, 3, 4, 5, 8)
List(2, 6, 1, 7, 3, 4, 8, 5)
List(2, 6, 1, 7, 3, 8, 4, 5)
List(2, 6, 1, 7, 8, 3, 4, 5)
List(2, 6, 1, 8, 3, 4, 5, 7)
List(2, 6, 7, 1, 3, 4, 5, 8)
List(2, 6, 7, 1, 3, 4, 8, 5)
List(2, 6, 7, 1, 3, 8, 4, 5)
List(2, 6, 7, 1, 8, 3, 4, 5)
List(2, 6, 7, 8, 1, 3, 4, 5)
List(2, 6, 8, 1, 3, 4, 5, 7)
List(2, 7, 1, 3, 4, 5, 6, 8)
List(2, 7, 1, 3, 4, 5, 8, 6)
List(2, 7, 1, 3, 4, 8, 5, 6)
List(2, 7, 1, 3, 8, 4, 5, 6)
List(2, 7, 1, 8, 3, 4, 5, 6)
List(2, 7, 8, 1, 3, 4, 5, 6)
List(2, 8, 1, 3, 4, 5, 6, 7)
List(3, 1, 2, 4, 5, 6, 7, 8)
List(3, 1, 2, 4, 5, 6, 8, 7)
List(3, 1, 2, 4, 5, 7, 6, 8)
List(3, 1, 2, 4, 5, 7, 8, 6)
List(3, 1, 2, 4, 5, 8, 6, 7)
List(3, 1, 2, 4, 6, 5, 7, 8)
List(3, 1, 2, 4, 6, 5, 8, 7)
List(3, 1, 2, 4, 6, 7, 5, 8)
List(3, 1, 2, 4, 6, 7, 8, 5)
List(3, 1, 2, 4, 6, 8, 5, 7)
List(3, 1, 2, 4, 7, 5, 6, 8)
List(3, 1, 2, 4, 7, 5, 8, 6)
List(3, 1, 2, 4, 7, 8, 5, 6)
List(3, 1, 2, 4, 8, 5, 6, 7)
List(3, 1, 2, 5, 4, 6, 7, 8)
List(3, 1, 2, 5, 4, 6, 8, 7)
List(3, 1, 2, 5, 4, 7, 6, 8)
List(3, 1, 2, 5, 4, 7, 8, 6)
List(3, 1, 2, 5, 4, 8, 6, 7)
List(3, 1, 2, 5, 6, 4, 7, 8)
List(3, 1, 2, 5, 6, 4, 8, 7)
List(3, 1, 2, 5, 6, 7, 4, 8)
List(3, 1, 2, 5, 6, 7, 8, 4)
List(3, 1, 2, 5, 6, 8, 4, 7)
List(3, 1, 2, 5, 7, 4, 6, 8)
List(3, 1, 2, 5, 7, 4, 8, 6)
List(3, 1, 2, 5, 7, 8, 4, 6)
List(3, 1, 2, 5, 8, 4, 6, 7)
List(3, 1, 2, 6, 4, 5, 7, 8)
List(3, 1, 2, 6, 4, 5, 8, 7)
List(3, 1, 2, 6, 4, 7, 5, 8)
List(3, 1, 2, 6, 4, 7, 8, 5)
List(3, 1, 2, 6, 4, 8, 5, 7)
List(3, 1, 2, 6, 7, 4, 5, 8)
List(3, 1, 2, 6, 7, 4, 8, 5)
List(3, 1, 2, 6, 7, 8, 4, 5)
List(3, 1, 2, 6, 8, 4, 5, 7)
List(3, 1, 2, 7, 4, 5, 6, 8)
List(3, 1, 2, 7, 4, 5, 8, 6)
List(3, 1, 2, 7, 4, 8, 5, 6)
List(3, 1, 2, 7, 8, 4, 5, 6)
List(3, 1, 2, 8, 4, 5, 6, 7)
List(3, 1, 4, 2, 5, 6, 7, 8)
List(3, 1, 4, 2, 5, 6, 8, 7)
List(3, 1, 4, 2, 5, 7, 6, 8)
List(3, 1, 4, 2, 5, 7, 8, 6)
List(3, 1, 4, 2, 5, 8, 6, 7)
List(3, 1, 4, 2, 6, 5, 7, 8)
List(3, 1, 4, 2, 6, 5, 8, 7)
List(3, 1, 4, 2, 6, 7, 5, 8)
List(3, 1, 4, 2, 6, 7, 8, 5)
List(3, 1, 4, 2, 6, 8, 5, 7)
List(3, 1, 4, 2, 7, 5, 6, 8)
List(3, 1, 4, 2, 7, 5, 8, 6)
List(3, 1, 4, 2, 7, 8, 5, 6)
List(3, 1, 4, 2, 8, 5, 6, 7)
List(3, 1, 4, 5, 2, 6, 7, 8)
List(3, 1, 4, 5, 2, 6, 8, 7)
List(3, 1, 4, 5, 2, 7, 6, 8)
List(3, 1, 4, 5, 2, 7, 8, 6)
List(3, 1, 4, 5, 2, 8, 6, 7)
List(3, 1, 4, 5, 6, 2, 7, 8)
List(3, 1, 4, 5, 6, 2, 8, 7)
List(3, 1, 4, 5, 6, 7, 2, 8)
List(3, 1, 4, 5, 6, 7, 8, 2)
List(3, 1, 4, 5, 6, 8, 2, 7)
List(3, 1, 4, 5, 7, 2, 6, 8)
List(3, 1, 4, 5, 7, 2, 8, 6)
List(3, 1, 4, 5, 7, 8, 2, 6)
List(3, 1, 4, 5, 8, 2, 6, 7)
List(3, 1, 4, 6, 2, 5, 7, 8)
List(3, 1, 4, 6, 2, 5, 8, 7)
List(3, 1, 4, 6, 2, 7, 5, 8)
List(3, 1, 4, 6, 2, 7, 8, 5)
List(3, 1, 4, 6, 2, 8, 5, 7)
List(3, 1, 4, 6, 7, 2, 5, 8)
List(3, 1, 4, 6, 7, 2, 8, 5)
List(3, 1, 4, 6, 7, 8, 2, 5)
List(3, 1, 4, 6, 8, 2, 5, 7)
List(3, 1, 4, 7, 2, 5, 6, 8)
List(3, 1, 4, 7, 2, 5, 8, 6)
List(3, 1, 4, 7, 2, 8, 5, 6)
List(3, 1, 4, 7, 8, 2, 5, 6)
List(3, 1, 4, 8, 2, 5, 6, 7)
List(3, 1, 5, 2, 4, 6, 7, 8)
List(3, 1, 5, 2, 4, 6, 8, 7)
List(3, 1, 5, 2, 4, 7, 6, 8)
List(3, 1, 5, 2, 4, 7, 8, 6)
List(3, 1, 5, 2, 4, 8, 6, 7)
List(3, 1, 5, 2, 6, 4, 7, 8)
List(3, 1, 5, 2, 6, 4, 8, 7)
List(3, 1, 5, 2, 6, 7, 4, 8)
List(3, 1, 5, 2, 6, 7, 8, 4)
List(3, 1, 5, 2, 6, 8, 4, 7)
List(3, 1, 5, 2, 7, 4, 6, 8)
List(3, 1, 5, 2, 7, 4, 8, 6)
List(3, 1, 5, 2, 7, 8, 4, 6)
List(3, 1, 5, 2, 8, 4, 6, 7)
List(3, 1, 5, 6, 2, 4, 7, 8)
List(3, 1, 5, 6, 2, 4, 8, 7)
List(3, 1, 5, 6, 2, 7, 4, 8)
List(3, 1, 5, 6, 2, 7, 8, 4)
List(3, 1, 5, 6, 2, 8, 4, 7)
List(3, 1, 5, 6, 7, 2, 4, 8)
List(3, 1, 5, 6, 7, 2, 8, 4)
List(3, 1, 5, 6, 7, 8, 2, 4)
List(3, 1, 5, 6, 8, 2, 4, 7)
List(3, 1, 5, 7, 2, 4, 6, 8)
List(3, 1, 5, 7, 2, 4, 8, 6)
List(3, 1, 5, 7, 2, 8, 4, 6)
List(3, 1, 5, 7, 8, 2, 4, 6)
List(3, 1, 5, 8, 2, 4, 6, 7)
List(3, 1, 6, 2, 4, 5, 7, 8)
List(3, 1, 6, 2, 4, 5, 8, 7)
List(3, 1, 6, 2, 4, 7, 5, 8)
List(3, 1, 6, 2, 4, 7, 8, 5)
List(3, 1, 6, 2, 4, 8, 5, 7)
List(3, 1, 6, 2, 7, 4, 5, 8)
List(3, 1, 6, 2, 7, 4, 8, 5)
List(3, 1, 6, 2, 7, 8, 4, 5)
List(3, 1, 6, 2, 8, 4, 5, 7)
List(3, 1, 6, 7, 2, 4, 5, 8)
List(3, 1, 6, 7, 2, 4, 8, 5)
List(3, 1, 6, 7, 2, 8, 4, 5)
List(3, 1, 6, 7, 8, 2, 4, 5)
List(3, 1, 6, 8, 2, 4, 5, 7)
List(3, 1, 7, 2, 4, 5, 6, 8)
List(3, 1, 7, 2, 4, 5, 8, 6)
List(3, 1, 7, 2, 4, 8, 5, 6)
List(3, 1, 7, 2, 8, 4, 5, 6)
List(3, 1, 7, 8, 2, 4, 5, 6)
List(3, 1, 8, 2, 4, 5, 6, 7)
List(3, 4, 1, 2, 5, 6, 7, 8)
List(3, 4, 1, 2, 5, 6, 8, 7)
List(3, 4, 1, 2, 5, 7, 6, 8)
List(3, 4, 1, 2, 5, 7, 8, 6)
List(3, 4, 1, 2, 5, 8, 6, 7)
List(3, 4, 1, 2, 6, 5, 7, 8)
List(3, 4, 1, 2, 6, 5, 8, 7)
List(3, 4, 1, 2, 6, 7, 5, 8)
List(3, 4, 1, 2, 6, 7, 8, 5)
List(3, 4, 1, 2, 6, 8, 5, 7)
List(3, 4, 1, 2, 7, 5, 6, 8)
List(3, 4, 1, 2, 7, 5, 8, 6)
List(3, 4, 1, 2, 7, 8, 5, 6)
List(3, 4, 1, 2, 8, 5, 6, 7)
List(3, 4, 1, 5, 2, 6, 7, 8)
List(3, 4, 1, 5, 2, 6, 8, 7)
List(3, 4, 1, 5, 2, 7, 6, 8)
List(3, 4, 1, 5, 2, 7, 8, 6)
List(3, 4, 1, 5, 2, 8, 6, 7)
List(3, 4, 1, 5, 6, 2, 7, 8)
List(3, 4, 1, 5, 6, 2, 8, 7)
List(3, 4, 1, 5, 6, 7, 2, 8)
List(3, 4, 1, 5, 6, 7, 8, 2)
List(3, 4, 1, 5, 6, 8, 2, 7)
List(3, 4, 1, 5, 7, 2, 6, 8)
List(3, 4, 1, 5, 7, 2, 8, 6)
List(3, 4, 1, 5, 7, 8, 2, 6)
List(3, 4, 1, 5, 8, 2, 6, 7)
List(3, 4, 1, 6, 2, 5, 7, 8)
List(3, 4, 1, 6, 2, 5, 8, 7)
List(3, 4, 1, 6, 2, 7, 5, 8)
List(3, 4, 1, 6, 2, 7, 8, 5)
List(3, 4, 1, 6, 2, 8, 5, 7)
List(3, 4, 1, 6, 7, 2, 5, 8)
List(3, 4, 1, 6, 7, 2, 8, 5)
List(3, 4, 1, 6, 7, 8, 2, 5)
List(3, 4, 1, 6, 8, 2, 5, 7)
List(3, 4, 1, 7, 2, 5, 6, 8)
List(3, 4, 1, 7, 2, 5, 8, 6)
List(3, 4, 1, 7, 2, 8, 5, 6)
List(3, 4, 1, 7, 8, 2, 5, 6)
List(3, 4, 1, 8, 2, 5, 6, 7)
List(3, 4, 5, 1, 2, 6, 7, 8)
List(3, 4, 5, 1, 2, 6, 8, 7)
List(3, 4, 5, 1, 2, 7, 6, 8)
List(3, 4, 5, 1, 2, 7, 8, 6)
List(3, 4, 5, 1, 2, 8, 6, 7)
List(3, 4, 5, 1, 6, 2, 7, 8)
List(3, 4, 5, 1, 6, 2, 8, 7)
List(3, 4, 5, 1, 6, 7, 2, 8)
List(3, 4, 5, 1, 6, 7, 8, 2)
List(3, 4, 5, 1, 6, 8, 2, 7)
List(3, 4, 5, 1, 7, 2, 6, 8)
List(3, 4, 5, 1, 7, 2, 8, 6)
List(3, 4, 5, 1, 7, 8, 2, 6)
List(3, 4, 5, 1, 8, 2, 6, 7)
List(3, 4, 5, 6, 1, 2, 7, 8)
List(3, 4, 5, 6, 1, 2, 8, 7)
List(3, 4, 5, 6, 1, 7, 2, 8)
List(3, 4, 5, 6, 1, 7, 8, 2)
List(3, 4, 5, 6, 1, 8, 2, 7)
List(3, 4, 5, 6, 7, 1, 2, 8)
List(3, 4, 5, 6, 7, 1, 8, 2)
List(3, 4, 5, 6, 7, 8, 1, 2)
List(3, 4, 5, 6, 8, 1, 2, 7)
List(3, 4, 5, 7, 1, 2, 6, 8)
List(3, 4, 5, 7, 1, 2, 8, 6)
List(3, 4, 5, 7, 1, 8, 2, 6)
List(3, 4, 5, 7, 8, 1, 2, 6)
List(3, 4, 5, 8, 1, 2, 6, 7)
List(3, 4, 6, 1, 2, 5, 7, 8)
List(3, 4, 6, 1, 2, 5, 8, 7)
List(3, 4, 6, 1, 2, 7, 5, 8)
List(3, 4, 6, 1, 2, 7, 8, 5)
List(3, 4, 6, 1, 2, 8, 5, 7)
List(3, 4, 6, 1, 7, 2, 5, 8)
List(3, 4, 6, 1, 7, 2, 8, 5)
List(3, 4, 6, 1, 7, 8, 2, 5)
List(3, 4, 6, 1, 8, 2, 5, 7)
List(3, 4, 6, 7, 1, 2, 5, 8)
List(3, 4, 6, 7, 1, 2, 8, 5)
List(3, 4, 6, 7, 1, 8, 2, 5)
List(3, 4, 6, 7, 8, 1, 2, 5)
List(3, 4, 6, 8, 1, 2, 5, 7)
List(3, 4, 7, 1, 2, 5, 6, 8)
List(3, 4, 7, 1, 2, 5, 8, 6)
List(3, 4, 7, 1, 2, 8, 5, 6)
List(3, 4, 7, 1, 8, 2, 5, 6)
List(3, 4, 7, 8, 1, 2, 5, 6)
List(3, 4, 8, 1, 2, 5, 6, 7)
List(3, 5, 1, 2, 4, 6, 7, 8)
List(3, 5, 1, 2, 4, 6, 8, 7)
List(3, 5, 1, 2, 4, 7, 6, 8)
List(3, 5, 1, 2, 4, 7, 8, 6)
List(3, 5, 1, 2, 4, 8, 6, 7)
List(3, 5, 1, 2, 6, 4, 7, 8)
List(3, 5, 1, 2, 6, 4, 8, 7)
List(3, 5, 1, 2, 6, 7, 4, 8)
List(3, 5, 1, 2, 6, 7, 8, 4)
List(3, 5, 1, 2, 6, 8, 4, 7)
List(3, 5, 1, 2, 7, 4, 6, 8)
List(3, 5, 1, 2, 7, 4, 8, 6)
List(3, 5, 1, 2, 7, 8, 4, 6)
List(3, 5, 1, 2, 8, 4, 6, 7)
List(3, 5, 1, 6, 2, 4, 7, 8)
List(3, 5, 1, 6, 2, 4, 8, 7)
List(3, 5, 1, 6, 2, 7, 4, 8)
List(3, 5, 1, 6, 2, 7, 8, 4)
List(3, 5, 1, 6, 2, 8, 4, 7)
List(3, 5, 1, 6, 7, 2, 4, 8)
List(3, 5, 1, 6, 7, 2, 8, 4)
List(3, 5, 1, 6, 7, 8, 2, 4)
List(3, 5, 1, 6, 8, 2, 4, 7)
List(3, 5, 1, 7, 2, 4, 6, 8)
List(3, 5, 1, 7, 2, 4, 8, 6)
List(3, 5, 1, 7, 2, 8, 4, 6)
List(3, 5, 1, 7, 8, 2, 4, 6)
List(3, 5, 1, 8, 2, 4, 6, 7)
List(3, 5, 6, 1, 2, 4, 7, 8)
List(3, 5, 6, 1, 2, 4, 8, 7)
List(3, 5, 6, 1, 2, 7, 4, 8)
List(3, 5, 6, 1, 2, 7, 8, 4)
List(3, 5, 6, 1, 2, 8, 4, 7)
List(3, 5, 6, 1, 7, 2, 4, 8)
List(3, 5, 6, 1, 7, 2, 8, 4)
List(3, 5, 6, 1, 7, 8, 2, 4)
List(3, 5, 6, 1, 8, 2, 4, 7)
List(3, 5, 6, 7, 1, 2, 4, 8)
List(3, 5, 6, 7, 1, 2, 8, 4)
List(3, 5, 6, 7, 1, 8, 2, 4)
List(3, 5, 6, 7, 8, 1, 2, 4)
List(3, 5, 6, 8, 1, 2, 4, 7)
List(3, 5, 7, 1, 2, 4, 6, 8)
List(3, 5, 7, 1, 2, 4, 8, 6)
List(3, 5, 7, 1, 2, 8, 4, 6)
List(3, 5, 7, 1, 8, 2, 4, 6)
List(3, 5, 7, 8, 1, 2, 4, 6)
List(3, 5, 8, 1, 2, 4, 6, 7)
List(3, 6, 1, 2, 4, 5, 7, 8)
List(3, 6, 1, 2, 4, 5, 8, 7)
List(3, 6, 1, 2, 4, 7, 5, 8)
List(3, 6, 1, 2, 4, 7, 8, 5)
List(3, 6, 1, 2, 4, 8, 5, 7)
List(3, 6, 1, 2, 7, 4, 5, 8)
List(3, 6, 1, 2, 7, 4, 8, 5)
List(3, 6, 1, 2, 7, 8, 4, 5)
List(3, 6, 1, 2, 8, 4, 5, 7)
List(3, 6, 1, 7, 2, 4, 5, 8)
List(3, 6, 1, 7, 2, 4, 8, 5)
List(3, 6, 1, 7, 2, 8, 4, 5)
List(3, 6, 1, 7, 8, 2, 4, 5)
List(3, 6, 1, 8, 2, 4, 5, 7)
List(3, 6, 7, 1, 2, 4, 5, 8)
List(3, 6, 7, 1, 2, 4, 8, 5)
List(3, 6, 7, 1, 2, 8, 4, 5)
List(3, 6, 7, 1, 8, 2, 4, 5)
List(3, 6, 7, 8, 1, 2, 4, 5)
List(3, 6, 8, 1, 2, 4, 5, 7)
List(3, 7, 1, 2, 4, 5, 6, 8)
List(3, 7, 1, 2, 4, 5, 8, 6)
List(3, 7, 1, 2, 4, 8, 5, 6)
List(3, 7, 1, 2, 8, 4, 5, 6)
List(3, 7, 1, 8, 2, 4, 5, 6)
List(3, 7, 8, 1, 2, 4, 5, 6)
List(3, 8, 1, 2, 4, 5, 6, 7)
List(4, 1, 2, 3, 5, 6, 7, 8)
List(4, 1, 2, 3, 5, 6, 8, 7)
List(4, 1, 2, 3, 5, 7, 6, 8)
List(4, 1, 2, 3, 5, 7, 8, 6)
List(4, 1, 2, 3, 5, 8, 6, 7)
List(4, 1, 2, 3, 6, 5, 7, 8)
List(4, 1, 2, 3, 6, 5, 8, 7)
List(4, 1, 2, 3, 6, 7, 5, 8)
List(4, 1, 2, 3, 6, 7, 8, 5)
List(4, 1, 2, 3, 6, 8, 5, 7)
List(4, 1, 2, 3, 7, 5, 6, 8)
List(4, 1, 2, 3, 7, 5, 8, 6)
List(4, 1, 2, 3, 7, 8, 5, 6)
List(4, 1, 2, 3, 8, 5, 6, 7)
List(4, 1, 2, 5, 3, 6, 7, 8)
List(4, 1, 2, 5, 3, 6, 8, 7)
List(4, 1, 2, 5, 3, 7, 6, 8)
List(4, 1, 2, 5, 3, 7, 8, 6)
List(4, 1, 2, 5, 3, 8, 6, 7)
List(4, 1, 2, 5, 6, 3, 7, 8)
List(4, 1, 2, 5, 6, 3, 8, 7)
List(4, 1, 2, 5, 6, 7, 3, 8)
List(4, 1, 2, 5, 6, 7, 8, 3)
List(4, 1, 2, 5, 6, 8, 3, 7)
List(4, 1, 2, 5, 7, 3, 6, 8)
List(4, 1, 2, 5, 7, 3, 8, 6)
List(4, 1, 2, 5, 7, 8, 3, 6)
List(4, 1, 2, 5, 8, 3, 6, 7)
List(4, 1, 2, 6, 3, 5, 7, 8)
List(4, 1, 2, 6, 3, 5, 8, 7)
List(4, 1, 2, 6, 3, 7, 5, 8)
List(4, 1, 2, 6, 3, 7, 8, 5)
List(4, 1, 2, 6, 3, 8, 5, 7)
List(4, 1, 2, 6, 7, 3, 5, 8)
List(4, 1, 2, 6, 7, 3, 8, 5)
List(4, 1, 2, 6, 7, 8, 3, 5)
List(4, 1, 2, 6, 8, 3, 5, 7)
List(4, 1, 2, 7, 3, 5, 6, 8)
List(4, 1, 2, 7, 3, 5, 8, 6)
List(4, 1, 2, 7, 3, 8, 5, 6)
List(4, 1, 2, 7, 8, 3, 5, 6)
List(4, 1, 2, 8, 3, 5, 6, 7)
List(4, 1, 5, 2, 3, 6, 7, 8)
List(4, 1, 5, 2, 3, 6, 8, 7)
List(4, 1, 5, 2, 3, 7, 6, 8)
List(4, 1, 5, 2, 3, 7, 8, 6)
List(4, 1, 5, 2, 3, 8, 6, 7)
List(4, 1, 5, 2, 6, 3, 7, 8)
List(4, 1, 5, 2, 6, 3, 8, 7)
List(4, 1, 5, 2, 6, 7, 3, 8)
List(4, 1, 5, 2, 6, 7, 8, 3)
List(4, 1, 5, 2, 6, 8, 3, 7)
List(4, 1, 5, 2, 7, 3, 6, 8)
List(4, 1, 5, 2, 7, 3, 8, 6)
List(4, 1, 5, 2, 7, 8, 3, 6)
List(4, 1, 5, 2, 8, 3, 6, 7)
List(4, 1, 5, 6, 2, 3, 7, 8)
List(4, 1, 5, 6, 2, 3, 8, 7)
List(4, 1, 5, 6, 2, 7, 3, 8)
List(4, 1, 5, 6, 2, 7, 8, 3)
List(4, 1, 5, 6, 2, 8, 3, 7)
List(4, 1, 5, 6, 7, 2, 3, 8)
List(4, 1, 5, 6, 7, 2, 8, 3)
List(4, 1, 5, 6, 7, 8, 2, 3)
List(4, 1, 5, 6, 8, 2, 3, 7)
List(4, 1, 5, 7, 2, 3, 6, 8)
List(4, 1, 5, 7, 2, 3, 8, 6)
List(4, 1, 5, 7, 2, 8, 3, 6)
List(4, 1, 5, 7, 8, 2, 3, 6)
List(4, 1, 5, 8, 2, 3, 6, 7)
List(4, 1, 6, 2, 3, 5, 7, 8)
List(4, 1, 6, 2, 3, 5, 8, 7)
List(4, 1, 6, 2, 3, 7, 5, 8)
List(4, 1, 6, 2, 3, 7, 8, 5)
List(4, 1, 6, 2, 3, 8, 5, 7)
List(4, 1, 6, 2, 7, 3, 5, 8)
List(4, 1, 6, 2, 7, 3, 8, 5)
List(4, 1, 6, 2, 7, 8, 3, 5)
List(4, 1, 6, 2, 8, 3, 5, 7)
List(4, 1, 6, 7, 2, 3, 5, 8)
List(4, 1, 6, 7, 2, 3, 8, 5)
List(4, 1, 6, 7, 2, 8, 3, 5)
List(4, 1, 6, 7, 8, 2, 3, 5)
List(4, 1, 6, 8, 2, 3, 5, 7)
List(4, 1, 7, 2, 3, 5, 6, 8)
List(4, 1, 7, 2, 3, 5, 8, 6)
List(4, 1, 7, 2, 3, 8, 5, 6)
List(4, 1, 7, 2, 8, 3, 5, 6)
List(4, 1, 7, 8, 2, 3, 5, 6)
List(4, 1, 8, 2, 3, 5, 6, 7)
List(4, 5, 1, 2, 3, 6, 7, 8)
List(4, 5, 1, 2, 3, 6, 8, 7)
List(4, 5, 1, 2, 3, 7, 6, 8)
List(4, 5, 1, 2, 3, 7, 8, 6)
List(4, 5, 1, 2, 3, 8, 6, 7)
List(4, 5, 1, 2, 6, 3, 7, 8)
List(4, 5, 1, 2, 6, 3, 8, 7)
List(4, 5, 1, 2, 6, 7, 3, 8)
List(4, 5, 1, 2, 6, 7, 8, 3)
List(4, 5, 1, 2, 6, 8, 3, 7)
List(4, 5, 1, 2, 7, 3, 6, 8)
List(4, 5, 1, 2, 7, 3, 8, 6)
List(4, 5, 1, 2, 7, 8, 3, 6)
List(4, 5, 1, 2, 8, 3, 6, 7)
List(4, 5, 1, 6, 2, 3, 7, 8)
List(4, 5, 1, 6, 2, 3, 8, 7)
List(4, 5, 1, 6, 2, 7, 3, 8)
List(4, 5, 1, 6, 2, 7, 8, 3)
List(4, 5, 1, 6, 2, 8, 3, 7)
List(4, 5, 1, 6, 7, 2, 3, 8)
List(4, 5, 1, 6, 7, 2, 8, 3)
List(4, 5, 1, 6, 7, 8, 2, 3)
List(4, 5, 1, 6, 8, 2, 3, 7)
List(4, 5, 1, 7, 2, 3, 6, 8)
List(4, 5, 1, 7, 2, 3, 8, 6)
List(4, 5, 1, 7, 2, 8, 3, 6)
List(4, 5, 1, 7, 8, 2, 3, 6)
List(4, 5, 1, 8, 2, 3, 6, 7)
List(4, 5, 6, 1, 2, 3, 7, 8)
List(4, 5, 6, 1, 2, 3, 8, 7)
List(4, 5, 6, 1, 2, 7, 3, 8)
List(4, 5, 6, 1, 2, 7, 8, 3)
List(4, 5, 6, 1, 2, 8, 3, 7)
List(4, 5, 6, 1, 7, 2, 3, 8)
List(4, 5, 6, 1, 7, 2, 8, 3)
List(4, 5, 6, 1, 7, 8, 2, 3)
List(4, 5, 6, 1, 8, 2, 3, 7)
List(4, 5, 6, 7, 1, 2, 3, 8)
List(4, 5, 6, 7, 1, 2, 8, 3)
List(4, 5, 6, 7, 1, 8, 2, 3)
List(4, 5, 6, 7, 8, 1, 2, 3)
List(4, 5, 6, 8, 1, 2, 3, 7)
List(4, 5, 7, 1, 2, 3, 6, 8)
List(4, 5, 7, 1, 2, 3, 8, 6)
List(4, 5, 7, 1, 2, 8, 3, 6)
List(4, 5, 7, 1, 8, 2, 3, 6)
List(4, 5, 7, 8, 1, 2, 3, 6)
List(4, 5, 8, 1, 2, 3, 6, 7)
List(4, 6, 1, 2, 3, 5, 7, 8)
List(4, 6, 1, 2, 3, 5, 8, 7)
List(4, 6, 1, 2, 3, 7, 5, 8)
List(4, 6, 1, 2, 3, 7, 8, 5)
List(4, 6, 1, 2, 3, 8, 5, 7)
List(4, 6, 1, 2, 7, 3, 5, 8)
List(4, 6, 1, 2, 7, 3, 8, 5)
List(4, 6, 1, 2, 7, 8, 3, 5)
List(4, 6, 1, 2, 8, 3, 5, 7)
List(4, 6, 1, 7, 2, 3, 5, 8)
List(4, 6, 1, 7, 2, 3, 8, 5)
List(4, 6, 1, 7, 2, 8, 3, 5)
List(4, 6, 1, 7, 8, 2, 3, 5)
List(4, 6, 1, 8, 2, 3, 5, 7)
List(4, 6, 7, 1, 2, 3, 5, 8)
List(4, 6, 7, 1, 2, 3, 8, 5)
List(4, 6, 7, 1, 2, 8, 3, 5)
List(4, 6, 7, 1, 8, 2, 3, 5)
List(4, 6, 7, 8, 1, 2, 3, 5)
List(4, 6, 8, 1, 2, 3, 5, 7)
List(4, 7, 1, 2, 3, 5, 6, 8)
List(4, 7, 1, 2, 3, 5, 8, 6)
List(4, 7, 1, 2, 3, 8, 5, 6)
List(4, 7, 1, 2, 8, 3, 5, 6)
List(4, 7, 1, 8, 2, 3, 5, 6)
List(4, 7, 8, 1, 2, 3, 5, 6)
List(4, 8, 1, 2, 3, 5, 6, 7)
List(5, 1, 2, 3, 4, 6, 7, 8)
List(5, 1, 2, 3, 4, 6, 8, 7)
List(5, 1, 2, 3, 4, 7, 6, 8)
List(5, 1, 2, 3, 4, 7, 8, 6)
List(5, 1, 2, 3, 4, 8, 6, 7)
List(5, 1, 2, 3, 6, 4, 7, 8)
List(5, 1, 2, 3, 6, 4, 8, 7)
List(5, 1, 2, 3, 6, 7, 4, 8)
List(5, 1, 2, 3, 6, 7, 8, 4)
List(5, 1, 2, 3, 6, 8, 4, 7)
List(5, 1, 2, 3, 7, 4, 6, 8)
List(5, 1, 2, 3, 7, 4, 8, 6)
List(5, 1, 2, 3, 7, 8, 4, 6)
List(5, 1, 2, 3, 8, 4, 6, 7)
List(5, 1, 2, 6, 3, 4, 7, 8)
List(5, 1, 2, 6, 3, 4, 8, 7)
List(5, 1, 2, 6, 3, 7, 4, 8)
List(5, 1, 2, 6, 3, 7, 8, 4)
List(5, 1, 2, 6, 3, 8, 4, 7)
List(5, 1, 2, 6, 7, 3, 4, 8)
List(5, 1, 2, 6, 7, 3, 8, 4)
List(5, 1, 2, 6, 7, 8, 3, 4)
List(5, 1, 2, 6, 8, 3, 4, 7)
List(5, 1, 2, 7, 3, 4, 6, 8)
List(5, 1, 2, 7, 3, 4, 8, 6)
List(5, 1, 2, 7, 3, 8, 4, 6)
List(5, 1, 2, 7, 8, 3, 4, 6)
List(5, 1, 2, 8, 3, 4, 6, 7)
List(5, 1, 6, 2, 3, 4, 7, 8)
List(5, 1, 6, 2, 3, 4, 8, 7)
List(5, 1, 6, 2, 3, 7, 4, 8)
List(5, 1, 6, 2, 3, 7, 8, 4)
List(5, 1, 6, 2, 3, 8, 4, 7)
List(5, 1, 6, 2, 7, 3, 4, 8)
List(5, 1, 6, 2, 7, 3, 8, 4)
List(5, 1, 6, 2, 7, 8, 3, 4)
List(5, 1, 6, 2, 8, 3, 4, 7)
List(5, 1, 6, 7, 2, 3, 4, 8)
List(5, 1, 6, 7, 2, 3, 8, 4)
List(5, 1, 6, 7, 2, 8, 3, 4)
List(5, 1, 6, 7, 8, 2, 3, 4)
List(5, 1, 6, 8, 2, 3, 4, 7)
List(5, 1, 7, 2, 3, 4, 6, 8)
List(5, 1, 7, 2, 3, 4, 8, 6)
List(5, 1, 7, 2, 3, 8, 4, 6)
List(5, 1, 7, 2, 8, 3, 4, 6)
List(5, 1, 7, 8, 2, 3, 4, 6)
List(5, 1, 8, 2, 3, 4, 6, 7)
List(5, 6, 1, 2, 3, 4, 7, 8)
List(5, 6, 1, 2, 3, 4, 8, 7)
List(5, 6, 1, 2, 3, 7, 4, 8)
List(5, 6, 1, 2, 3, 7, 8, 4)
List(5, 6, 1, 2, 3, 8, 4, 7)
List(5, 6, 1, 2, 7, 3, 4, 8)
List(5, 6, 1, 2, 7, 3, 8, 4)
List(5, 6, 1, 2, 7, 8, 3, 4)
List(5, 6, 1, 2, 8, 3, 4, 7)
List(5, 6, 1, 7, 2, 3, 4, 8)
List(5, 6, 1, 7, 2, 3, 8, 4)
List(5, 6, 1, 7, 2, 8, 3, 4)
List(5, 6, 1, 7, 8, 2, 3, 4)
List(5, 6, 1, 8, 2, 3, 4, 7)
List(5, 6, 7, 1, 2, 3, 4, 8)
List(5, 6, 7, 1, 2, 3, 8, 4)
List(5, 6, 7, 1, 2, 8, 3, 4)
List(5, 6, 7, 1, 8, 2, 3, 4)
List(5, 6, 7, 8, 1, 2, 3, 4)
List(5, 6, 8, 1, 2, 3, 4, 7)
List(5, 7, 1, 2, 3, 4, 6, 8)
List(5, 7, 1, 2, 3, 4, 8, 6)
List(5, 7, 1, 2, 3, 8, 4, 6)
List(5, 7, 1, 2, 8, 3, 4, 6)
List(5, 7, 1, 8, 2, 3, 4, 6)
List(5, 7, 8, 1, 2, 3, 4, 6)
List(5, 8, 1, 2, 3, 4, 6, 7)
List(6, 1, 2, 3, 4, 5, 7, 8)
List(6, 1, 2, 3, 4, 5, 8, 7)
List(6, 1, 2, 3, 4, 7, 5, 8)
List(6, 1, 2, 3, 4, 7, 8, 5)
List(6, 1, 2, 3, 4, 8, 5, 7)
List(6, 1, 2, 3, 7, 4, 5, 8)
List(6, 1, 2, 3, 7, 4, 8, 5)
List(6, 1, 2, 3, 7, 8, 4, 5)
List(6, 1, 2, 3, 8, 4, 5, 7)
List(6, 1, 2, 7, 3, 4, 5, 8)
List(6, 1, 2, 7, 3, 4, 8, 5)
List(6, 1, 2, 7, 3, 8, 4, 5)
List(6, 1, 2, 7, 8, 3, 4, 5)
List(6, 1, 2, 8, 3, 4, 5, 7)
List(6, 1, 7, 2, 3, 4, 5, 8)
List(6, 1, 7, 2, 3, 4, 8, 5)
List(6, 1, 7, 2, 3, 8, 4, 5)
List(6, 1, 7, 2, 8, 3, 4, 5)
List(6, 1, 7, 8, 2, 3, 4, 5)
List(6, 1, 8, 2, 3, 4, 5, 7)
List(6, 7, 1, 2, 3, 4, 5, 8)
List(6, 7, 1, 2, 3, 4, 8, 5)
List(6, 7, 1, 2, 3, 8, 4, 5)
List(6, 7, 1, 2, 8, 3, 4, 5)
List(6, 7, 1, 8, 2, 3, 4, 5)
List(6, 7, 8, 1, 2, 3, 4, 5)
List(6, 8, 1, 2, 3, 4, 5, 7)
List(7, 1, 2, 3, 4, 5, 6, 8)
List(7, 1, 2, 3, 4, 5, 8, 6)
List(7, 1, 2, 3, 4, 8, 5, 6)
List(7, 1, 2, 3, 8, 4, 5, 6)
List(7, 1, 2, 8, 3, 4, 5, 6)
List(7, 1, 8, 2, 3, 4, 5, 6)
List(7, 8, 1, 2, 3, 4, 5, 6)
List(8, 1, 2, 3, 4, 5, 6, 7)
1430

Process finished with exit code 0




